+-----------------------+-----------+-----------------------+
| SAM_PROPOSER_N_POINTS | Mean aAcc | 95% CI (Bootstrapped) |
+-----------------------+-----------+-----------------------+
| 1                     | 0.6957    | [0.6678, 0.7272]      |
| 3                     | 0.6929    | [0.6477, 0.7402]      |
| 9                     | 0.6553    | [0.5859, 0.7251]      |
| 16                    | 0.6316    | [0.5683, 0.6944]      |
+-----------------------+-----------+-----------------------+

+----------------+---------+---------+
| p_val          | Label 1 | Label 2 |
+----------------+---------+---------+
| 8.9000e-02     | 1       | 16      |
| 1.4130e-01     | 16      | 3       |
| 3.3450e-01     | 9       | 1       |
| 4.0398e-01     | 9       | 3       |
| 6.4478e-01     | 9       | 16      |
| 9.2416e-01     | 1       | 3       |
+----------------+---------+---------+
