+-------------------+-----------+-----------------------+
| SAM_PROPOSER_NORM | Mean mIoU | 95% CI (Bootstrapped) |
+-------------------+-----------+-----------------------+
| 2                 | 0.4105    | [0.3330, 0.4880]      |
| 1                 | 0.3875    | [0.3187, 0.4542]      |
| 4                 | 0.3587    | [0.3317, 0.3869]      |
| 3                 | 0.3558    | [0.3004, 0.4141]      |
+-------------------+-----------+-----------------------+

+----------------+---------+---------+
| p_val          | Label 1 | Label 2 |
+----------------+---------+---------+
| 2.3588e-01     | 2       | 4       |
| 2.8408e-01     | 2       | 3       |
| 4.5484e-01     | 4       | 1       |
| 4.9786e-01     | 3       | 1       |
| 6.6892e-01     | 2       | 1       |
| 9.3090e-01     | 4       | 3       |
+----------------+---------+---------+
